[[0.5      0.5      0.5     ]
 [0.58428  0.574767 0.575651]
 [0.605389 0.605448 0.604295]
 [0.607313 0.597823 0.586736]
 [0.609686 0.593239 0.570491]
 [0.614698 0.592505 0.556647]
 [0.620261 0.595356 0.546832]
 [0.627503 0.602711 0.53901 ]
 [0.633266 0.60957  0.532746]
 [0.637236 0.616665 0.529814]
 [0.641199 0.623908 0.527702]
 [0.646819 0.636371 0.523857]
 [0.650508 0.648415 0.521475]]
[[3.33066907e-16 3.33066907e-16 3.33066907e-16]
 [4.19814245e-03 5.30071797e-03 4.84575061e-03]
 [4.58307528e-03 5.38730879e-03 5.23844204e-03]
 [4.67120231e-03 4.40329093e-03 4.88676826e-03]
 [4.26222993e-03 3.84043995e-03 4.62508584e-03]
 [4.21554220e-03 3.64256434e-03 5.13757637e-03]
 [3.98948355e-03 3.67437940e-03 5.70438218e-03]
 [4.29598545e-03 3.74672911e-03 5.11928706e-03]
 [3.81426848e-03 3.49509657e-03 5.50291595e-03]
 [3.96094736e-03 3.28853691e-03 4.83361190e-03]
 [3.91224986e-03 2.72656120e-03 4.83576219e-03]
 [3.82412591e-03 3.04497274e-03 5.07890254e-03]
 [4.23631160e-03 3.09823740e-03 4.96397774e-03]]
[[0.5        0.5        0.5       ]
 [0.584307   0.584307   0.575622  ]
 [0.605385   0.60490734 0.603624  ]
 [0.610555   0.6095247  0.58582   ]
 [0.616661   0.59246839 0.57093   ]
 [0.625995   0.56349363 0.557     ]
 [0.636196   0.55481164 0.547082  ]
 [0.650602   0.54890471 0.538574  ]
 [0.662482   0.54443809 0.533792  ]
 [0.672108   0.5417846  0.530426  ]
 [0.680728   0.53935034 0.527334  ]
 [0.694782   0.5351331  0.524047  ]
 [0.707525   0.53599686 0.521572  ]]
[[3.33066907e-16 3.33066907e-16 3.33066907e-16]
 [4.21839436e-03 4.21839436e-03 4.84866126e-03]
 [4.58712056e-03 6.04528717e-03 5.46946286e-03]
 [4.51764042e-03 6.66253477e-03 5.45466773e-03]
 [4.42049533e-03 2.19934987e-02 4.62902798e-03]
 [3.35199567e-03 1.14845619e-02 4.48562147e-03]
 [3.64282638e-03 9.26410434e-03 5.09582928e-03]
 [3.29839294e-03 9.57048125e-03 4.85591639e-03]
 [3.31663625e-03 1.21995591e-02 4.75671483e-03]
 [3.71638749e-03 1.16431974e-02 4.37672526e-03]
 [3.26291526e-03 1.13484878e-02 4.53722867e-03]
 [3.39173643e-03 1.19869473e-02 4.86159346e-03]
 [3.46428564e-03 1.16452914e-02 4.79449851e-03]]