[[0.5      0.5      0.5     ]
 [0.53827  0.519248 0.500381]
 [0.549905 0.527524 0.500122]
 [0.558327 0.533494 0.500075]
 [0.568059 0.540649 0.500732]
 [0.57887  0.550492 0.500523]
 [0.588743 0.560772 0.500338]
 [0.601237 0.57412  0.500882]
 [0.610007 0.585312 0.501039]
 [0.616132 0.595458 0.501225]
 [0.621013 0.603889 0.501011]
 [0.628804 0.619624 0.500632]
 [0.63338  0.632537 0.500146]]
[[3.33066907e-16 3.33066907e-16 3.33066907e-16]
 [3.14332626e-03 3.85560579e-03 4.74534920e-03]
 [3.17743214e-03 3.65754344e-03 4.16330590e-03]
 [3.19142147e-03 3.57180123e-03 4.98939626e-03]
 [3.30617891e-03 3.49987128e-03 5.66109318e-03]
 [3.42994169e-03 3.25732037e-03 5.24531896e-03]
 [3.47028111e-03 3.50864874e-03 4.51297640e-03]
 [3.84327087e-03 3.34167623e-03 4.83953262e-03]
 [3.80426747e-03 2.96500523e-03 4.76925351e-03]
 [4.00886218e-03 2.93329780e-03 4.92459897e-03]
 [3.80984658e-03 3.16116735e-03 4.50110864e-03]
 [3.35359270e-03 3.42082212e-03 4.60673160e-03]
 [3.94015228e-03 3.67800639e-03 4.44806520e-03]]
[[0.5        0.5        0.5       ]
 [0.543422   0.52819586 0.499624  ]
 [0.557866   0.5147888  0.499531  ]
 [0.56822    0.50789913 0.499887  ]
 [0.580875   0.50899565 0.50048   ]
 [0.596089   0.50885014 0.500235  ]
 [0.610758   0.50987384 0.500059  ]
 [0.628642   0.51054627 0.499991  ]
 [0.642578   0.51353144 0.499464  ]
 [0.654261   0.51301471 0.500042  ]
 [0.664605   0.51333439 0.500063  ]
 [0.680724   0.51392347 0.500485  ]
 [0.694413   0.51360815 0.500614  ]]
[[3.33066907e-16 3.33066907e-16 3.33066907e-16]
 [3.38619491e-03 1.95713076e-02 4.74120491e-03]
 [3.24512619e-03 2.06309262e-02 4.54023557e-03]
 [3.43088910e-03 1.16744713e-02 4.95091214e-03]
 [3.32275112e-03 1.27667849e-02 4.23815998e-03]
 [3.66136300e-03 1.05669919e-02 5.38687989e-03]
 [3.52043122e-03 1.06638323e-02 4.36243269e-03]
 [3.20821383e-03 1.13018302e-02 4.90722111e-03]
 [3.29725886e-03 1.16769412e-02 5.57425367e-03]
 [3.28879598e-03 1.13601565e-02 4.98602407e-03]
 [3.11783178e-03 1.20673696e-02 5.07835909e-03]
 [2.92804098e-03 1.16241397e-02 4.76899098e-03]
 [2.93351854e-03 1.08081245e-02 4.69412441e-03]]