[[0.5      0.5      0.5     ]
 [0.538221 0.51929  0.500071]
 [0.550512 0.527282 0.499682]
 [0.558676 0.533161 0.499439]
 [0.567657 0.540174 0.49932 ]
 [0.578806 0.550667 0.49971 ]
 [0.58857  0.56063  0.500286]
 [0.600111 0.574192 0.500095]
 [0.609173 0.585316 0.500282]
 [0.61558  0.59541  0.500526]
 [0.621054 0.604146 0.500579]
 [0.628894 0.620086 0.500608]
 [0.633159 0.632416 0.500364]]
[[3.33066907e-16 3.33066907e-16 3.33066907e-16]
 [3.58157214e-03 3.37471480e-03 4.52900199e-03]
 [3.44703583e-03 3.28975318e-03 4.92740053e-03]
 [3.42435746e-03 3.73697458e-03 5.48257047e-03]
 [3.10941329e-03 3.58900042e-03 5.54084831e-03]
 [2.90698538e-03 3.53256437e-03 6.31042788e-03]
 [3.59918046e-03 2.88546357e-03 5.61884365e-03]
 [3.79151408e-03 3.59131397e-03 6.11212524e-03]
 [4.05859224e-03 3.38740963e-03 5.96314313e-03]
 [3.30771825e-03 3.13015974e-03 5.68314385e-03]
 [3.48440583e-03 3.37130301e-03 5.57179136e-03]
 [3.73035709e-03 3.38620791e-03 5.55760164e-03]
 [4.26051863e-03 3.69241709e-03 5.68352919e-03]]
[[0.5        0.5        0.5       ]
 [0.538565   0.51905663 0.499757  ]
 [0.550337   0.5266816  0.499845  ]
 [0.558456   0.53312238 0.499385  ]
 [0.567753   0.54045009 0.499837  ]
 [0.578996   0.55048355 0.500006  ]
 [0.588947   0.55999141 0.500352  ]
 [0.601045   0.57393589 0.500032  ]
 [0.60954    0.58447937 0.500211  ]
 [0.615689   0.5944556  0.500492  ]
 [0.621541   0.60309943 0.499998  ]
 [0.629338   0.61663087 0.499786  ]
 [0.635354   0.62687369 0.500365  ]]
[[3.33066907e-16 3.33066907e-16 3.33066907e-16]
 [3.69825297e-03 3.29983679e-03 4.66958788e-03]
 [3.14068957e-03 3.50493641e-03 4.55553235e-03]
 [3.29038964e-03 3.99234711e-03 5.32763315e-03]
 [3.70006635e-03 3.97145730e-03 5.53558768e-03]
 [3.71652849e-03 3.52616370e-03 5.66487105e-03]
 [3.50592228e-03 3.52439933e-03 5.01357118e-03]
 [3.44233569e-03 3.88892821e-03 5.65190021e-03]
 [3.83048300e-03 3.28936380e-03 5.96990611e-03]
 [3.51032463e-03 3.51067099e-03 5.26257884e-03]
 [3.40843351e-03 3.46326295e-03 5.21806439e-03]
 [3.87677134e-03 3.90977684e-03 5.63501588e-03]
 [3.62533916e-03 3.54378028e-03 5.22039031e-03]]