[[0.5      0.5      0.5     ]
 [0.538231 0.518914 0.50066 ]
 [0.550551 0.526998 0.50029 ]
 [0.557977 0.53328  0.500541]
 [0.567534 0.540488 0.500752]
 [0.578945 0.550583 0.501432]
 [0.588793 0.560884 0.500353]
 [0.601193 0.573971 0.500352]
 [0.609546 0.585106 0.500041]
 [0.616734 0.595176 0.50004 ]
 [0.62188  0.604147 0.499669]
 [0.629205 0.619725 0.499941]
 [0.633536 0.632901 0.499429]]
[[3.33066907e-16 3.33066907e-16 3.33066907e-16]
 [3.26167733e-03 3.58675396e-03 4.49959998e-03]
 [3.61299031e-03 3.29220230e-03 4.99242426e-03]
 [3.18781602e-03 3.64834209e-03 5.61640624e-03]
 [3.36390309e-03 3.80466240e-03 5.13011657e-03]
 [3.56786701e-03 3.49316633e-03 5.24305026e-03]
 [3.76720732e-03 4.09191202e-03 5.29785721e-03]
 [3.62974531e-03 3.39974396e-03 4.78199707e-03]
 [3.67846218e-03 3.57090521e-03 5.21145076e-03]
 [3.81437334e-03 3.50103185e-03 5.19131968e-03]
 [3.80541719e-03 3.61741496e-03 4.82615157e-03]
 [3.71949929e-03 3.27503817e-03 5.30283122e-03]
 [3.79150419e-03 3.52982988e-03 5.49096157e-03]]
[[0.5      0.5      0.5     ]
 [0.544561 0.544561 0.499823]
 [0.559738 0.559738 0.499877]
 [0.571049 0.571049 0.500795]
 [0.583299 0.583299 0.500408]
 [0.599173 0.599173 0.500123]
 [0.614047 0.614047 0.50042 ]
 [0.632603 0.632603 0.500594]
 [0.647247 0.647247 0.500672]
 [0.658986 0.658986 0.50051 ]
 [0.669227 0.669227 0.500206]
 [0.68605  0.68605  0.500652]
 [0.699789 0.699789 0.501144]]
[[3.33066907e-16 3.33066907e-16 3.33066907e-16]
 [2.86760859e-03 2.86760859e-03 5.03316709e-03]
 [3.39112902e-03 3.39112902e-03 4.52640818e-03]
 [3.10610673e-03 3.10610673e-03 4.79124984e-03]
 [3.44950707e-03 3.44950707e-03 5.01987410e-03]
 [3.06502382e-03 3.06502382e-03 5.13322228e-03]
 [2.91041080e-03 2.91041080e-03 4.87540768e-03]
 [3.61218646e-03 3.61218646e-03 5.00677181e-03]
 [3.65489959e-03 3.65489959e-03 5.15144795e-03]
 [3.78039733e-03 3.78039733e-03 5.48954461e-03]
 [3.95630775e-03 3.95630775e-03 5.46001502e-03]
 [4.07164586e-03 4.07164586e-03 5.73385525e-03]
 [3.64669426e-03 3.64669426e-03 5.81730728e-03]]