[[0.5      0.5      0.5     ]
 [0.538101 0.519299 0.499885]
 [0.549923 0.527294 0.500426]
 [0.558413 0.533069 0.500746]
 [0.567757 0.540934 0.500451]
 [0.579174 0.551267 0.500034]
 [0.588981 0.560747 0.499799]
 [0.600845 0.574445 0.500136]
 [0.609908 0.585083 0.499992]
 [0.61572  0.595497 0.499703]
 [0.621189 0.603684 0.499744]
 [0.62953  0.619469 0.499341]
 [0.63425  0.632549 0.499951]]
[[3.33066907e-16 3.33066907e-16 3.33066907e-16]
 [3.31790582e-03 3.28714146e-03 5.37262273e-03]
 [3.40340579e-03 3.25499063e-03 5.87070047e-03]
 [3.59006003e-03 3.54301270e-03 5.36034365e-03]
 [3.65918720e-03 3.23605377e-03 5.22747539e-03]
 [3.75610490e-03 2.79299320e-03 5.20822849e-03]
 [3.43315292e-03 3.23562838e-03 4.89521184e-03]
 [3.72967492e-03 3.48853479e-03 5.08996110e-03]
 [3.51040397e-03 3.62996019e-03 5.00529080e-03]
 [3.64453015e-03 3.11610189e-03 5.00568587e-03]
 [3.64891477e-03 2.92662673e-03 4.86500401e-03]
 [3.65870196e-03 3.33906259e-03 5.06286668e-03]
 [4.25460927e-03 3.77500980e-03 4.72879467e-03]]
[[0.5        0.5        0.5       ]
 [0.539099   0.5122138  0.499635  ]
 [0.552274   0.51881664 0.499638  ]
 [0.561654   0.51961315 0.499404  ]
 [0.571869   0.52557562 0.500219  ]
 [0.584113   0.52954431 0.499483  ]
 [0.595919   0.53660605 0.49987   ]
 [0.610226   0.54234834 0.50014   ]
 [0.621266   0.5507229  0.499607  ]
 [0.630283   0.55544308 0.499679  ]
 [0.637443   0.55893539 0.499763  ]
 [0.648835   0.56662788 0.49937   ]
 [0.658767   0.57494106 0.499586  ]]
[[3.33066907e-16 3.33066907e-16 3.33066907e-16]
 [3.47250616e-03 1.28595366e-02 5.09612353e-03]
 [3.79509209e-03 1.09923190e-02 5.70834091e-03]
 [3.48888005e-03 1.10652001e-02 5.36946776e-03]
 [3.52407988e-03 1.07214638e-02 4.73779896e-03]
 [3.19908284e-03 1.05340361e-02 4.62791649e-03]
 [2.92935812e-03 1.03708887e-02 5.08724877e-03]
 [3.38436464e-03 1.17944687e-02 5.43142707e-03]
 [3.35756519e-03 1.00103663e-02 5.55082435e-03]
 [3.74702695e-03 1.10095748e-02 4.73580606e-03]
 [3.57855432e-03 1.22229439e-02 5.00463096e-03]
 [3.55911155e-03 1.11846022e-02 5.08400433e-03]
 [3.35648790e-03 1.18259773e-02 5.17623454e-03]]