[[0.5      0.5      0.5     ]
 [0.538586 0.51897  0.499429]
 [0.550469 0.526932 0.499802]
 [0.558458 0.533876 0.49996 ]
 [0.568341 0.541139 0.499841]
 [0.579964 0.549964 0.499469]
 [0.589406 0.560537 0.499809]
 [0.600914 0.573913 0.500293]
 [0.609913 0.584985 0.499797]
 [0.616244 0.595233 0.499631]
 [0.621159 0.603859 0.499833]
 [0.629201 0.620056 0.500271]
 [0.63358  0.632321 0.500419]]
[[3.33066907e-16 3.33066907e-16 3.33066907e-16]
 [3.15042918e-03 3.28914883e-03 4.22398615e-03]
 [3.53713712e-03 3.46095016e-03 4.63937453e-03]
 [3.16806502e-03 3.49422724e-03 4.34957469e-03]
 [3.85751461e-03 3.17527621e-03 4.46365534e-03]
 [3.62216841e-03 3.04790157e-03 5.48874658e-03]
 [3.07950710e-03 4.03954589e-03 4.85065140e-03]
 [3.60447000e-03 3.54890561e-03 4.93953955e-03]
 [3.89139191e-03 3.73615779e-03 4.43015699e-03]
 [3.51307045e-03 3.60846380e-03 5.10916226e-03]
 [3.37837520e-03 3.57099692e-03 5.08391690e-03]
 [3.71312523e-03 3.52562959e-03 5.06346314e-03]
 [4.61735855e-03 3.69906191e-03 4.96595801e-03]]
[[0.5        0.5        0.5       ]
 [0.543113   0.53579299 0.500168  ]
 [0.558085   0.50953416 0.499946  ]
 [0.568814   0.50792079 0.49959   ]
 [0.581492   0.50854213 0.499425  ]
 [0.596689   0.5096956  0.499998  ]
 [0.611137   0.51011479 0.499921  ]
 [0.629974   0.50982517 0.499707  ]
 [0.644217   0.51093876 0.499821  ]
 [0.656096   0.51050574 0.499886  ]
 [0.665901   0.51062512 0.499632  ]
 [0.682935   0.51008257 0.499741  ]
 [0.696779   0.51021581 0.499554  ]]
[[3.33066907e-16 3.33066907e-16 3.33066907e-16]
 [3.12348059e-03 1.51662973e-02 5.38369539e-03]
 [3.20294786e-03 1.02960658e-02 4.66674233e-03]
 [3.32692110e-03 4.72656901e-03 4.48157338e-03]
 [3.35909750e-03 4.71183154e-03 4.70226275e-03]
 [3.43540085e-03 3.83406972e-03 5.13308835e-03]
 [2.87425312e-03 5.37093999e-03 4.53934566e-03]
 [3.33030389e-03 4.54429927e-03 4.47953692e-03]
 [3.00832362e-03 3.87372608e-03 4.73206710e-03]
 [3.75957232e-03 4.35066602e-03 4.99675935e-03]
 [3.51816699e-03 4.43950409e-03 4.68687273e-03]
 [3.16826056e-03 4.46077342e-03 4.06952319e-03]
 [3.17317806e-03 4.60187099e-03 5.02641861e-03]]