[[0.5      0.5      0.5     ]
 [0.538253 0.518854 0.500064]
 [0.549786 0.52676  0.500469]
 [0.557741 0.533381 0.499922]
 [0.567264 0.540888 0.500142]
 [0.578805 0.550405 0.499595]
 [0.589048 0.560331 0.499946]
 [0.600956 0.574194 0.499377]
 [0.609578 0.58538  0.499528]
 [0.615815 0.59516  0.499281]
 [0.621327 0.604336 0.498929]
 [0.628825 0.619992 0.49951 ]
 [0.633386 0.632707 0.500076]]
[[3.33066907e-16 3.33066907e-16 3.33066907e-16]
 [3.34719151e-03 3.17103832e-03 5.06625147e-03]
 [3.52958978e-03 3.25299862e-03 5.32887784e-03]
 [3.42777173e-03 3.37812655e-03 4.61204033e-03]
 [3.59912545e-03 3.48999370e-03 5.10805599e-03]
 [3.71535665e-03 3.61945783e-03 5.04502478e-03]
 [3.98161977e-03 3.41176479e-03 4.83339260e-03]
 [4.23429616e-03 3.50353593e-03 4.64553237e-03]
 [4.60046911e-03 3.41669431e-03 4.45829743e-03]
 [4.37971175e-03 3.33940114e-03 4.50743153e-03]
 [3.93390023e-03 3.01922242e-03 4.46083613e-03]
 [3.27787660e-03 3.44527735e-03 4.56003289e-03]
 [4.32807163e-03 3.58204564e-03 5.52407676e-03]]
[[0.5      0.5      0.5     ]
 [0.544197 0.544197 0.500455]
 [0.558641 0.558641 0.500521]
 [0.570255 0.570255 0.500352]
 [0.582856 0.582856 0.49966 ]
 [0.599508 0.599508 0.500155]
 [0.613547 0.613547 0.500331]
 [0.632428 0.632428 0.500527]
 [0.647064 0.647064 0.500963]
 [0.658579 0.658579 0.500571]
 [0.669236 0.669236 0.500798]
 [0.685611 0.685611 0.500216]
 [0.699289 0.699289 0.50009 ]]
[[3.33066907e-16 3.33066907e-16 3.33066907e-16]
 [3.12347419e-03 3.12347419e-03 4.57668821e-03]
 [3.33958366e-03 3.33958366e-03 4.81751585e-03]
 [3.16345934e-03 3.16345934e-03 5.46829919e-03]
 [3.46889954e-03 3.46889954e-03 4.70055316e-03]
 [3.51976363e-03 3.51976363e-03 4.87621523e-03]
 [3.45107099e-03 3.45107099e-03 5.25234605e-03]
 [3.27347155e-03 3.27347155e-03 4.60948706e-03]
 [3.63154292e-03 3.63154292e-03 4.95531341e-03]
 [3.09474700e-03 3.09474700e-03 4.77630181e-03]
 [3.48463829e-03 3.48463829e-03 4.73596833e-03]
 [3.17130557e-03 3.17130557e-03 4.39692438e-03]
 [3.30051193e-03 3.30051193e-03 3.95425088e-03]]