[[0.5      0.5      0.5     ]
 [0.538259 0.519415 0.500967]
 [0.550001 0.527755 0.499921]
 [0.558435 0.532508 0.499894]
 [0.567213 0.540266 0.500139]
 [0.578898 0.550862 0.500703]
 [0.588586 0.560688 0.499933]
 [0.600689 0.573649 0.500296]
 [0.609432 0.584534 0.500046]
 [0.615855 0.594677 0.499476]
 [0.621125 0.603761 0.499313]
 [0.628779 0.619659 0.499535]
 [0.632682 0.632546 0.499893]]
[[3.33066907e-16 3.33066907e-16 3.33066907e-16]
 [3.72497235e-03 4.03721129e-03 5.20334613e-03]
 [3.35313271e-03 3.48535149e-03 5.23336020e-03]
 [4.02505590e-03 3.64048568e-03 5.30069467e-03]
 [3.43594689e-03 3.64110478e-03 4.48113591e-03]
 [3.36618419e-03 3.61703691e-03 4.78895511e-03]
 [3.74232601e-03 3.62969090e-03 4.81881842e-03]
 [3.74384548e-03 3.06439211e-03 4.58421029e-03]
 [4.28181924e-03 3.26852321e-03 5.18677973e-03]
 [3.81691957e-03 3.34606799e-03 5.90430555e-03]
 [3.93759762e-03 3.76068863e-03 5.12001279e-03]
 [3.98854096e-03 3.68822708e-03 5.14793891e-03]
 [3.95841837e-03 3.76219138e-03 5.27242364e-03]]
[[0.5        0.5        0.5       ]
 [0.544542   0.544542   0.499851  ]
 [0.560121   0.560121   0.500725  ]
 [0.570452   0.570452   0.500496  ]
 [0.583328   0.583328   0.500167  ]
 [0.59869    0.59869    0.499818  ]
 [0.614064   0.61176602 0.500295  ]
 [0.633173   0.633173   0.500139  ]
 [0.647085   0.64594919 0.500049  ]
 [0.659136   0.659136   0.499895  ]
 [0.669084   0.66717043 0.499905  ]
 [0.686137   0.68384982 0.500228  ]
 [0.699942   0.68790264 0.500334  ]]
[[3.33066907e-16 3.33066907e-16 3.33066907e-16]
 [3.40200470e-03 3.40200470e-03 4.79048004e-03]
 [3.39591799e-03 3.39591799e-03 5.32560560e-03]
 [3.16589577e-03 3.16589577e-03 4.78706424e-03]
 [3.09548316e-03 3.09548316e-03 5.07694899e-03]
 [3.56223245e-03 3.56223245e-03 4.68359648e-03]
 [3.24701463e-03 2.30206283e-02 4.68361773e-03]
 [3.50279474e-03 3.50279474e-03 4.75133444e-03]
 [3.45327019e-03 1.18634811e-02 5.33570042e-03]
 [2.96248274e-03 2.96248274e-03 5.37747850e-03]
 [3.30622806e-03 1.37834715e-02 5.33549201e-03]
 [3.01750410e-03 2.28501444e-02 5.48906331e-03]
 [3.50374600e-03 6.61500610e-02 4.98275466e-03]]