[[0.5      0.5      0.5     ]
 [0.537821 0.519229 0.50101 ]
 [0.54998  0.52763  0.50158 ]
 [0.558247 0.533403 0.501125]
 [0.567162 0.541534 0.500775]
 [0.578509 0.550456 0.50033 ]
 [0.588358 0.560526 0.500106]
 [0.600537 0.573507 0.500204]
 [0.609162 0.585327 0.500238]
 [0.616365 0.595392 0.500343]
 [0.6209   0.603902 0.500205]
 [0.6283   0.619259 0.49996 ]
 [0.633392 0.632206 0.500076]]
[[3.33066907e-16 3.33066907e-16 3.33066907e-16]
 [3.17286290e-03 3.30246257e-03 5.34579274e-03]
 [3.16976340e-03 3.41041053e-03 5.34645677e-03]
 [3.01842525e-03 3.55498115e-03 4.65801191e-03]
 [3.36121347e-03 3.02397817e-03 5.02170041e-03]
 [3.73799666e-03 3.54413092e-03 4.26116181e-03]
 [3.63890588e-03 3.21392657e-03 4.02389910e-03]
 [3.74421300e-03 3.44950011e-03 4.53759672e-03]
 [4.00254369e-03 3.41018636e-03 4.96195083e-03]
 [3.91975446e-03 3.22876695e-03 4.83386502e-03]
 [4.15891813e-03 3.38136008e-03 5.23120206e-03]
 [4.14981927e-03 3.67301225e-03 4.76285629e-03]
 [3.80330593e-03 3.59952275e-03 5.12708728e-03]]
[[0.5        0.5        0.5       ]
 [0.542993   0.52459498 0.500528  ]
 [0.557927   0.51175541 0.500759  ]
 [0.568463   0.50738568 0.499902  ]
 [0.581243   0.50769255 0.501153  ]
 [0.595998   0.50897088 0.500291  ]
 [0.610567   0.50761665 0.500834  ]
 [0.628072   0.51163552 0.500911  ]
 [0.64268    0.51095116 0.50061   ]
 [0.653985   0.51151176 0.500175  ]
 [0.664089   0.51280768 0.499986  ]
 [0.681029   0.51232255 0.500004  ]
 [0.69426    0.51421163 0.499791  ]]
[[3.33066907e-16 3.33066907e-16 3.33066907e-16]
 [3.09949206e-03 2.18198005e-02 4.33928750e-03]
 [3.40707661e-03 1.93037994e-02 5.10323613e-03]
 [3.59554321e-03 1.44261692e-02 5.17911151e-03]
 [3.84367676e-03 1.01602401e-02 5.45634411e-03]
 [3.42482058e-03 1.07477383e-02 4.70004457e-03]
 [3.28256165e-03 1.15491950e-02 5.30765899e-03]
 [3.40728866e-03 1.15805684e-02 5.16044368e-03]
 [3.62209884e-03 1.03151545e-02 5.25357973e-03]
 [3.17418887e-03 1.13246290e-02 4.96581061e-03]
 [3.23836054e-03 1.11380433e-02 4.94368324e-03]
 [2.91250047e-03 1.09228103e-02 4.50528401e-03]
 [2.87854130e-03 1.10975451e-02 4.34980678e-03]]