[[0.5      0.5      0.5     ]
 [0.538471 0.519557 0.498401]
 [0.549984 0.52719  0.499412]
 [0.558083 0.532928 0.49971 ]
 [0.567294 0.540275 0.500015]
 [0.578874 0.550873 0.499699]
 [0.588547 0.560797 0.499947]
 [0.60045  0.573942 0.499916]
 [0.609048 0.585031 0.500077]
 [0.615847 0.594555 0.500764]
 [0.621135 0.603848 0.500917]
 [0.628406 0.620164 0.500456]
 [0.633175 0.632403 0.499916]]
[[3.33066907e-16 3.33066907e-16 3.33066907e-16]
 [3.39049539e-03 3.44038530e-03 4.70736646e-03]
 [3.26691659e-03 3.18227906e-03 5.47370587e-03]
 [3.23295701e-03 3.56317499e-03 5.39302327e-03]
 [3.55906786e-03 3.32756292e-03 5.77018847e-03]
 [3.20158148e-03 3.43700029e-03 5.94986546e-03]
 [3.66667302e-03 3.13185105e-03 5.26582292e-03]
 [3.46760724e-03 3.31032264e-03 5.43399890e-03]
 [3.66247130e-03 3.47829542e-03 4.56449022e-03]
 [3.57209896e-03 3.39530190e-03 4.88742304e-03]
 [3.95381778e-03 3.52543558e-03 4.49860100e-03]
 [3.78425211e-03 3.78416490e-03 5.01362783e-03]
 [4.14235139e-03 3.83706802e-03 5.64587850e-03]]
[[0.5        0.5        0.5       ]
 [0.543834   0.52402241 0.499201  ]
 [0.558214   0.51804981 0.499325  ]
 [0.568509   0.52792732 0.499726  ]
 [0.580726   0.53138691 0.499542  ]
 [0.59594    0.51301514 0.499293  ]
 [0.610047   0.54056012 0.500081  ]
 [0.627598   0.53562408 0.500317  ]
 [0.641817   0.53865077 0.500737  ]
 [0.652859   0.52480495 0.501063  ]
 [0.662619   0.51878759 0.500319  ]
 [0.67861    0.53179924 0.500441  ]
 [0.691197   0.5140515  0.500126  ]]
[[3.33066907e-16 3.33066907e-16 3.33066907e-16]
 [3.19143291e-03 6.42262127e-02 4.83293896e-03]
 [2.95039048e-03 8.20764777e-02 4.73042017e-03]
 [3.29842675e-03 7.96370945e-02 5.07349229e-03]
 [3.44536268e-03 7.84511883e-02 4.59532763e-03]
 [3.32189705e-03 8.71943957e-02 5.02478368e-03]
 [3.77326000e-03 1.01315952e-01 4.66629821e-03]
 [3.31378877e-03 1.02118892e-01 4.45091126e-03]
 [3.02625362e-03 9.65388751e-02 4.47378263e-03]
 [3.59994708e-03 1.12625892e-01 4.55646036e-03]
 [3.24828247e-03 1.06604320e-01 4.50263689e-03]
 [3.47040343e-03 1.09809531e-01 4.60840743e-03]
 [3.34168984e-03 1.00391548e-01 4.99224639e-03]]