[[0.5      0.5      0.5     ]
 [0.538261 0.519379 0.499527]
 [0.549898 0.526822 0.499251]
 [0.558278 0.533351 0.499265]
 [0.567678 0.540144 0.498571]
 [0.57937  0.550618 0.498969]
 [0.589417 0.560549 0.499471]
 [0.6006   0.574481 0.499959]
 [0.609114 0.585847 0.499876]
 [0.615988 0.595151 0.500077]
 [0.621199 0.603748 0.499744]
 [0.628608 0.619544 0.50007 ]
 [0.633148 0.632242 0.499907]]
[[3.33066907e-16 3.33066907e-16 3.33066907e-16]
 [3.60263501e-03 3.22838334e-03 5.02998718e-03]
 [3.28195003e-03 3.33276402e-03 5.36688914e-03]
 [3.68376384e-03 3.49555418e-03 4.81118229e-03]
 [3.51757246e-03 3.13857675e-03 5.27276578e-03]
 [3.33429153e-03 3.33116736e-03 5.13946875e-03]
 [3.69470039e-03 3.21264673e-03 4.67660764e-03]
 [3.37443329e-03 3.43198762e-03 5.28463991e-03]
 [4.02305904e-03 3.66629118e-03 5.41309745e-03]
 [3.48761466e-03 3.59790203e-03 5.21675867e-03]
 [3.71969071e-03 3.44262923e-03 5.03118912e-03]
 [3.63209802e-03 3.31681534e-03 5.43993566e-03]
 [4.29153772e-03 3.93578912e-03 5.10378791e-03]]
[[0.5        0.5        0.5       ]
 [0.543584   0.50286499 0.499717  ]
 [0.557595   0.52516978 0.499293  ]
 [0.567887   0.51698111 0.499498  ]
 [0.580722   0.52525782 0.499779  ]
 [0.595642   0.53131155 0.499844  ]
 [0.609436   0.51329471 0.499689  ]
 [0.626527   0.51999538 0.498974  ]
 [0.640207   0.50180295 0.499382  ]
 [0.651383   0.51297347 0.4995    ]
 [0.660588   0.51975725 0.499204  ]
 [0.676025   0.50168002 0.499266  ]
 [0.688094   0.5125904  0.500045  ]]
[[3.33066907e-16 3.33066907e-16 3.33066907e-16]
 [3.21122157e-03 9.15110518e-02 5.40854981e-03]
 [3.32311225e-03 9.90987257e-02 5.18496393e-03]
 [3.62994917e-03 8.75640860e-02 4.71071077e-03]
 [3.41343170e-03 9.54757766e-02 5.32058822e-03]
 [3.28694935e-03 8.78096445e-02 4.97954456e-03]
 [3.47331312e-03 9.14040967e-02 5.07657158e-03]
 [3.35546882e-03 1.01064862e-01 5.07997283e-03]
 [3.96331313e-03 1.05117288e-01 4.87322029e-03]
 [3.58636459e-03 1.07445385e-01 4.79330783e-03]
 [3.32202589e-03 1.11103147e-01 4.57388063e-03]
 [3.37201349e-03 9.64057590e-02 5.22029156e-03]
 [3.30020666e-03 9.89734106e-02 5.03423033e-03]]